-0.261033773422,1.29520189762,-1.19167339802,0.129006266594,-0.975536108017,1.84418523312,-0.199294626713,-0.564714252949,-0.945452928543,0.990142345428,-0.417315810919,0.465625941753,-1.03522181511,0.937293350697,-0.208540797234,0.326810330153
-1.51635968685,-1.73686850071,-0.312916725874,-0.503386199474,1.90774512291,1.88272190094,0.272243767977,-0.369867771864,0.408319443464,-0.196946904063,-0.358596116304,1.51957011223,-0.203456655145,0.166954830289,0.805648326874,-0.240644320846
-1.29403173923,-1.96296036243,-2.63713479042,-1.33353412151,-1.35248792171,-0.886327803135,0.772849321365,0.430230170488,0.852696716785,0.335229665041,0.647544503212,0.890139400959,2.00493574142,2.81325125694,1.45558083057,0.203401640058
-1.63396322727,-1.52845311165,-1.8687928915,-1.07470655441,-1.06981694698,-1.4872020483,-0.776249289513,0.143653437495,0.303256243467,1.38834512234,0.683286845684,1.11581659317,0.40574875474,1.87229180336,0.707604944706,1.27959656715
0.434730529785,-0.00233679055236,-0.101817816496,-0.307537853718,-0.601572275162,-0.37209174037,-0.130597800016,-0.226008623838,0.118666082621,-0.305730909109,-0.121168911457,0.101946331561,0.202105239034,0.397348672152,0.31988132,-0.026269139722
-1.12813389301,1.59895014763,1.37798011303,-1.14472687244,1.02187538147,-0.505149066448,-0.453108638525,1.18689823151,1.60877048969,-2.09434914589,-2.11465620995,0.945308744907,-1.25334060192,1.45487713814,1.32748556137,-1.10762810707
0.17970380187,0.686014413834,0.860848009586,-0.674002945423,0.483581483364,0.25498431921,0.317279845476,-0.623783528805,0.489541143179,-0.160660922527,-0.247027263045,-0.567803621292,0.0139093399048,-0.315962672234,-0.267427504063,-0.480293780565
-1.27610182762,-0.559308171272,0.0394201092422,1.81034183502,-0.800719439983,-1.08036577702,-0.205972880125,2.10488772392,-0.847291946411,-1.18488049507,-0.289144128561,2.20869684219,-1.0994464159,-0.550311625004,0.0771526396275,1.30790567398
1.96700870991,0.0992170572281,-0.860257208347,-0.117222540081,0.568892776966,0.910909354687,-0.079090282321,-0.314251154661,-0.786290943623,-0.337139219046,1.30178773403,0.168482467532,-1.61556982994,-0.643615305424,-0.152835085988,0.56445068121
0.111968256533,0.433732688427,0.484125643969,-0.0251050814986,0.485724955797,0.63996899128,-0.132089912891,-0.263622760773,0.315639227629,-0.119562588632,-0.480220645666,-0.575655400753,-0.0711306929588,-0.330424040556,-0.61098408699,-0.655373871326
1.908177495,1.18655908108,0.410874128342,-0.163491860032,0.606024086475,-0.865653812885,-0.406094908714,0.0661772489548,-1.4072599411,-0.855325996876,-0.382358580828,-0.45684671402,-0.314272910357,-0.146126940846,-0.0809350013733,0.0209091231227
0.151262685657,-0.672462999821,-0.740178704262,-0.313758134842,1.22690474987,0.281540811062,-0.503149330616,0.0276322625577,0.275294780731,0.604154527187,-0.597759187222,-0.692452549934,-0.731251418591,0.646663784981,0.334205508232,-0.330115586519
-0.418494701385,-0.591708958149,-0.4886084795,0.380365461111,-0.0205475408584,-0.807511746883,-0.633454322815,0.169088467956,-0.471869975328,-0.495070457458,-0.273548185825,0.247647941113,-0.424590528011,-0.663194358349,-0.519646584988,0.108811751008
0.213244989514,-0.288782119751,-0.156146883965,-0.0700069665909,-0.41358268261,-0.0201930683106,0.333376437426,-0.046184822917,0.631658494473,-0.0848600491881,-0.745262682438,0.0895519703627,0.170883744955,0.830601811409,0.820706486702,0.199389651418
-0.43173417449,1.60578036308,-0.909799039364,-0.272495031357,-1.06414341927,2.17432045937,-1.82516896725,0.445685148239,-0.233382284641,1.21136879921,-1.54195892811,0.564752757549,-0.35732421279,1.02851200104,-1.4030816555,0.200964480639
-0.562521934509,0.549336850643,-0.210329189897,0.0579931400716,0.729823291302,-0.609632015228,-0.478187352419,0.505738675594,0.0741143897176,0.214283496141,1.28219127655,-1.25133311749,-0.513156354427,0.0552910454571,-0.631207585335,1.19131445885
-0.173588082194,-0.0556505694985,-0.134711638093,-0.0670708864927,0.0384241715074,0.21485067904,0.0116081256419,0.0719338580966,-0.321519881487,-0.187396019697,-0.303881794214,-0.324932694435,0.000121660661534,0.118500299752,0.0101266931742,0.094268605113
0.453185915947,-0.165739238262,-0.182740345597,0.368293911219,0.258867055178,0.646637201309,0.389021754265,-0.994113504887,1.19722664356,2.08275985718,-1.27077829838,-1.63313996792,-1.83438491821,-2.4972422123,1.26535594463,2.45052313805
-0.987949848175,-1.30175983906,-0.485031664371,-0.374948352575,-0.621181368828,-1.1599407196,-0.799685955048,-0.75468313694,0.106264226139,0.601304829121,0.230269312859,-0.12368863076,0.360335975885,1.41468930244,0.699338912964,0.0771221667528
-0.268270760775,-0.751353740692,-0.089119784534,1.06834757328,0.263391464949,-0.925801038742,-1.12535893917,0.184472814202,1.41982984543,0.134180992842,-0.990772247314,0.0908304601908,0.591316580772,0.56864631176,-0.807547867298,-0.86154282093
-1.26983106136,-0.972934484482,-0.144467607141,0.898089826107,-0.731717407703,-0.522332012653,0.0250063892454,1.05534434319,1.27573263645,0.703858971596,-0.166754513979,-0.570670068264,0.888109624386,1.15084016323,0.262822657824,-1.13644683361
1.58780634403,2.68791460991,0.878322303295,-0.965170145035,-0.206179320812,0.88789921999,1.05465722084,0.44042262435,-0.614833474159,-1.19125103951,0.276942640543,1.3859077692,-0.718295931816,-2.23077535629,-2.07708191872,-0.595314562321
0.633721888065,0.387235879898,-1.05279636383,0.0277155768126,1.41937983036,-0.485292255878,-1.08618831635,0.119107373059,1.28901314735,-0.58835464716,-1.09072089195,0.476565867662,0.747421741486,-0.348726153374,-0.921793699265,0.3509991467
0.93868035078,1.61051166058,0.708122491837,-0.413893580437,-1.82321321964,-4.04185438156,-2.23478007317,0.164166748524,0.632660627365,3.27149271965,1.8246884346,-0.18160097301,0.298539787531,-0.816891252995,-0.32314452529,0.385014116764
-1.16348099709,-0.764745652676,1.01692450047,0.907376348972,-0.929942250252,-0.777497529984,0.130343943834,0.622664570808,1.58283030987,0.4046433568,-0.946035087109,-0.789061129093,1.44053411484,0.327487409115,-0.596508562565,-0.511816501617
1.93014919758,0.254621088505,-0.580868124962,-0.316537469625,-2.94192862511,-0.140695929527,1.23025298119,0.629539728165,0.871700108051,-0.355213016272,-0.785418987274,-0.192637458444,0.893274962902,0.0759551525116,0.175225362182,-0.198381543159
-0.347222357988,-0.455236822367,1.52597248554,-0.662170410156,-0.344026595354,-1.29938018322,1.39933812618,-0.079598903656,-0.308314621449,-1.16255402565,1.11636853218,-0.132736802101,-0.247862517834,-0.481905549765,0.799820542336,-0.280353367329
1.17064464092,0.859571933746,1.69408380985,1.46322345734,-0.247938603163,0.410707861185,-0.377225607634,0.196629792452,0.346187859774,-0.56985360384,-0.495629131794,-0.690405666828,-0.597447097301,-0.303162962198,-0.579150974751,-0.716236770153
-0.62997341156,-0.339932560921,-0.388455808163,-0.0411660447717,-0.512886166573,-1.08442103863,-0.203835353255,1.23560392857,0.271076947451,-0.136158585548,0.3143863976,1.06742703915,-1.01663887501,-0.985709667206,-0.0597871355712,0.414293050766
-0.818237364292,-0.702344238758,-0.806853592396,-0.751963794231,0.978429913521,0.230626553297,0.308929026127,0.766622781754,-0.0687829554081,-0.483467668295,-0.957383811474,-0.326209306717,0.792527556419,0.0102323833853,-0.624722421169,0.00117672712076
1.57472848892,-1.33465623856,0.750621497631,-0.898790478706,0.672781765461,-1.03459060192,0.628144025803,-0.397873699665,0.489595115185,-0.884837150574,0.732088506222,-0.393413454294,-0.200200691819,-0.996837496758,0.588105916977,-0.778766036034
0.0129260895774,0.540621042252,0.492892891169,-0.172990635037,-0.493057608604,0.194706633687,-0.312961012125,-0.0874145179987,-0.798588812351,-0.640056312084,-1.04724264145,-0.432288914919,-0.808992385864,-0.669085681438,-0.123347558081,-0.56223911047
1.41862678528,0.129404470325,0.251342952251,-1.05006957054,2.11689281464,-0.487214267254,-0.405953228474,-1.51480221748,2.07613134384,-0.221026405692,-0.517243206501,-1.31213653088,0.781186759472,-0.0750718265772,-0.532451152802,-1.54216587543
-0.362703561783,-0.287744164467,0.482715815306,-0.0320274829865,1.96877658367,1.47387301922,-0.170692458749,0.335933297873,-1.42602026463,-0.641820728779,0.00800384394825,0.0940539464355,0.170404613018,-0.448738634586,-0.133826464415,-0.0939651057124
-0.642645895481,1.081848979,-0.0118337515742,-0.517728507519,0.390235364437,0.909465253353,-0.649292111397,-0.804283738136,1.15520083904,0.3364110291,-0.823537826538,-0.408572226763,0.405331850052,-0.514421761036,-0.927410662174,-0.506992161274
-0.223731935024,-0.60707950592,-0.475730389357,-0.337707519531,0.224112838507,-0.265477955341,-0.528823494911,-0.854297459126,0.971539080143,0.549231171608,0.145167261362,-0.632940292358,0.495063245296,1.08295631409,0.495896965265,-0.814543187618
-0.235297814012,-0.587437570095,-0.227960705757,-0.145061537623,-0.888850569725,0.0229251179844,-0.553882777691,0.0231938287616,0.675877809525,0.2877343297,0.422924548388,0.270834773779,0.583232283592,0.51536655426,0.42986240983,0.363832831383
-0.358911544085,-0.0803075805306,-0.202067360282,0.0884805098176,-0.150337740779,-0.285651266575,-0.216725096107,0.280207335949,-0.461650550365,-0.195367947221,-0.0802090317011,0.645530641079,0.292353689671,0.0459648221731,0.797321200371,-0.13607737422
1.03883862495,2.22997951508,1.85167860985,0.592357695103,-0.0369213595986,-1.28632879257,-1.35168111324,-0.401711970568,-2.14901256561,-2.38230895996,-1.07146334648,-0.132834136486,1.15683424473,1.52018010616,0.571295320988,-0.0149464160204
-0.133173629642,1.3682359457,1.77386105061,-0.628743112087,0.0725955590606,-1.34039771557,-1.39360868931,1.22748816013,0.86701208353,-1.46772551537,-1.61434090137,-0.15616415441,-0.538797736168,1.94539272785,1.84214091301,-0.533125042915
-1.9951492548,0.0902638211846,0.965059936047,0.67034059763,-1.91638457775,1.14375329018,0.141864389181,0.0605341866612,-0.843297958374,1.88170433044,-0.910272359848,-0.438981235027,0.315962761641,1.42396259308,-1.70868039131,-0.246156513691
-0.476059406996,0.328292995691,1.11704599857,-0.953639686108,-1.17505002022,1.27693450451,1.40607249737,-1.6397485733,-1.47315275669,1.39684188366,1.36638486385,-1.31011903286,-1.33698010445,0.653555333614,1.01723504066,-0.583557546139
-0.180962517858,-0.790537595749,-0.016360476613,-1.10991239548,0.963978290558,-0.216047927737,0.739556372166,-0.523629248142,-0.364810973406,0.0277534015477,0.948921203613,-0.743235528469,-0.197261616588,-0.584643244743,1.62246930599,-0.553143322468
0.644157111645,-0.154152065516,-0.416118383408,-0.554839015007,1.65725421906,-1.31539869308,-0.394322484732,-0.31639406085,1.33148121834,-1.84470307827,-0.462981492281,-0.326073795557,0.703092753887,-0.837981283665,0.0381417497993,0.218800738454
-0.0839502066374,0.96175134182,2.0104174614,0.886291801929,0.429918855429,0.96275395155,0.645014107227,0.558486878872,0.824144661427,-0.224444106221,-2.32618069649,-1.4816300869,-1.21430969238,-1.62760972977,-0.373469531536,-0.0905987247825
-1.11441767216,-0.0753821954131,-0.613468766212,0.3709166646,-1.32101809978,-0.252536743879,-0.586530804634,1.54669618607,-1.73097956181,-0.768709540367,-0.21675029397,1.67732191086,-1.21155548096,0.633103966713,0.618968904018,1.07519638538
1.89462244511,0.614981114864,-0.556890189648,-1.70665466785,1.76120686531,1.07310783863,-0.828934669495,-1.79022490978,0.666197538376,0.171834334731,-0.415099948645,-1.89849817753,0.662096977234,1.25568699837,1.04880058765,-0.739745616913
1.23599481583,-0.723782598972,0.111274689436,-0.633146643639,1.67537283897,-0.795235991478,-0.100183486938,-0.597337782383,1.99172151089,-1.01329362392,-0.145292520523,-0.680744767189,1.22704970837,-0.643655359745,0.11222409457,-0.637813746929
-0.825083315372,0.956767380238,-0.110365562141,-0.201998159289,-0.126905038953,1.15955018997,-0.871466577053,-0.109198138118,0.647602260113,0.442996561527,-1.07615661621,-0.0273649934679,0.695044159889,0.15553919971,-0.673239767551,0.00751240877435
-0.398949086666,0.0935204774141,0.274650841951,0.168009579182,-1.6574819088,-1.28811907768,-0.303059160709,0.373248904943,0.233117043972,-1.06747841835,-0.1535025388,0.873473823071,1.4215400219,1.23011887074,0.592721164227,-0.442811578512
0.311630010605,-0.827392876148,-0.236596703529,0.209105908871,1.85760676861,0.239695370197,-1.98239326477,-0.129566177726,-1.5690073967,-0.701182067394,0.878810584545,1.41630995274,-0.416507482529,1.52123224735,1.30437004566,-1.52893579006
-0.179099887609,0.0317331440747,0.148528933525,0.845731794834,0.161380037665,0.126178786159,0.400991529226,0.0779598206282,0.336125046015,0.677152693272,-0.0327385403216,-0.327041685581,0.467991262674,-0.0278356540948,0.161818802357,0.27135103941
-0.342296034098,0.0828427672386,-0.0934689566493,-0.594001889229,-0.0519521646202,0.437019824982,0.537064611912,-0.44453394413,-0.237095981836,0.183721274137,0.362223654985,-0.437545925379,-0.604075610638,-0.244214907289,0.265633195639,-0.360752493143
-1.12024319172,1.04474413395,-1.05150055885,-0.658684968948,-0.856807887554,1.26082479954,-0.452332615852,-0.676339805126,-1.34616577625,1.39161241055,-0.102824561298,-0.398392468691,-1.29119610786,1.31578803062,-0.346846282482,0.23726375401
1.62030804157,2.21810770035,-0.764789283276,-2.30015587807,-0.314394831657,0.100128412247,0.0319484584033,0.149567276239,-0.0036025501322,-2.30555415154,-0.0165657065809,2.77893066406,-0.783274769783,0.252642154694,0.920334160328,-0.222234532237
-1.08231925964,-1.70755207539,-1.67792713642,-1.55563211441,1.30548012257,1.10552120209,0.712929904461,0.0844388604164,0.658139586449,0.526375114918,0.0366070792079,0.135819748044,-0.556405544281,0.409110099077,1.02993249893,0.268876940012
-1.49705600739,0.318364351988,1.15436315536,0.613623678684,-1.55979025364,-0.481855869293,1.12578952312,1.42071449757,-1.38330590725,-0.0252502374351,1.5169326067,0.660840809345,-1.21636390686,0.274922400713,1.07510685921,-0.48344373703
-0.550038635731,0.994103610516,0.998242497444,-0.560790002346,0.807660758495,0.69807690382,0.19249522686,-1.41691505909,1.12631869316,0.901369571686,-0.246179878712,-1.31581330299,0.635182738304,0.510395765305,0.347146272659,-1.28128600121
-0.494090795517,0.468564838171,0.435471385717,-0.603396475315,-0.0916131660342,1.08799207211,-0.0224394164979,-0.926590740681,-0.0585580654442,1.29362261295,-0.105984658003,-1.18927633762,-0.50690639019,0.886575877666,0.466898292303,-0.874344468117
-0.823651134968,-0.243716284633,0.282757788897,-0.0184355899692,-0.0149509627372,-0.591394782066,0.191789925098,-0.0890632420778,1.34843242168,1.08111143112,0.211574196815,0.144337028265,-0.228408053517,-0.0509059876204,-0.550999581814,-0.416675895452
-0.121087245643,0.162309154868,0.47822368145,0.868107020855,-0.108098126948,-0.610414981842,0.35609805584,0.156142532825,-0.0411201193929,0.122359961271,-0.293215453625,-0.0197765063494,-0.204024150968,-0.167347073555,-0.191984817386,0.0804881677032
0.309732109308,0.0440004840493,-0.392181903124,-0.192908257246,-0.229142740369,-0.630508184433,-0.99955445528,-0.997064769268,-1.28207719326,-1.31777024269,-0.657384574413,0.640497922897,-0.0815993770957,0.43070229888,0.712399959564,0.354048341513
-0.612433493137,-0.0700374245644,-0.205321073532,0.0979686677456,-0.496343433857,-0.684439957142,-0.222762912512,-0.0726583078504,-0.607046127319,-0.723114728928,-0.222695603967,0.0623062252998,0.22616328299,0.645280063152,0.506441295147,0.630682885647
-0.389620780945,-0.284014344215,0.795367717743,1.9168381691,-0.685278773308,-0.785969316959,-0.875866353512,1.64570939541,-0.0795191377401,-0.320386856794,-0.437639445066,0.690160095692,-1.03451263905,-0.571392714977,-1.07592999935,-0.573679089546
